14 27
14 15
15 16
15 28
16 17
16 29
17 18
17 30
18 31
21 34
21 22
22 35
22 23
23 24
23 36
24 37
27 40
27 28
28 41
28 29
29 42
29 30
30 43
30 31
31 44
33 34
33 46
34 35
34 47
35 48
35 36
36 49
37 50
40 41
40 53
41 42
41 54
42 43
42 55
43 56
43 44
44 57
44 45
45 46
46 59
47 48
48 49
49 50
49 62
50 63
53 66
53 54
54 67
54 55
55 56
55 68
56 57
56 69
57 70
59 72
59 60
60 73
60 61
61 74
61 62
62 75
62 63
63 76
66 67
67 80
67 68
68 69
69 70
72 73
72 85
73 74
73 86
74 75
74 87
75 88
75 76
76 89
80 93
85 86
86 87
87 88
87 100
88 89
92 105
92 93
93 106
93 94
94 107
94 95
95 96
95 108
96 109
100 113
105 106
105 118
106 107
106 119
107 120
107 108
108 121
108 109
109 122
113 114
114 115
114 127
115 128
118 131
118 119
119 120
119 132
120 121
120 133
121 122
121 134
122 135
126 127
127 128
127 140
131 132
132 145
132 133
133 134
134 135
139 140
144 145
