13 13
53 139
14 0.0
15 0.0
16 0.0
17 0.0
18 0.0
21 0.0
22 0.0
23 0.0
24 0.0
27 0.0
28 0.0
29 0.0
30 0.0
31 0.0
33 0.0
34 0.0
35 0.0
36 0.0
37 0.0
40 0.0
41 0.0
42 0.0
43 0.0
44 0.0
45 0.0
46 0.0
47 0.0
48 0.0
49 0.0
50 0.0
53 0.0
54 0.0
55 0.0
56 0.0
57 0.0
59 0.0
60 0.0
61 0.0
62 0.0
63 0.0
66 0.0
67 0.0
68 0.0
69 0.0
70 0.0
72 0.0
73 0.0
74 0.0
75 0.0
76 0.0
80 0.0
85 0.0
86 0.0
87 0.0
88 0.0
89 0.0
92 0.0193856739965
93 0.41511230781
94 0.0
95 0.0
96 0.0
100 0.0
105 0.291812223785
106 0.913734177304
107 0.195166428866
108 0.0
109 0.0
113 0.0
114 0.0
115 0.0
118 0.370378623168
119 1.0
120 0.643639842299
121 0.0
122 0.0
126 0.0
127 0.0
128 0.0
131 0.0
132 0.478633557862
133 0.0
134 0.0
135 0.0
139 1.0
140 0.0316000749285
144 0.0
145 0.0
